msa,base,action,mil_out,civ_out,mil_in,civ_in,mil_net,civ_net,net_contractor,direct,indirect,total_job_changes,ea_employment,changes_as_percent_of_employment
"Abilene, TX Metropolitan Statistical Area","Dyess Air Force Base",Gain,-1615,-65,1925,129,310,64,0,374,358,732,92846,0.8%
"Aguadilla-Isabela-San Sebastian, PR Metropolitan Statistical Area","Aguadillla-Ramey U.S. Army Reserve Center/BMA-126",Realign,-10,0,0,0,-10,0,0,-10,-5,-15,80981,0.0%
"Akron, OH Metropolitan Statistical Area","Navy-Marine Corps Reserve Center Akron",Close,-26,0,0,0,-26,0,0,-26,-10,-36,398976,0.0%
"Akron, OH Metropolitan Statistical Area","Armed Forces Reserve Center Akron",Gain,0,0,37,0,37,0,0,37,14,51,398976,0.0%
"Alamogordo, NM Micropolitan Statistical Area","Holloman Air Force Base",Realign,-17,0,0,0,-17,0,0,-17,-11,-28,27515,-0.1%
"Albany, GA Metropolitan Statistical Area","Marine Corps Logistics Base Albany",Gain,-2,-42,1,193,-1,151,0,150,119,269,79160,0.3%
"Albany-Schenectady-Troy, NY Metropolitan Statistical Area","Schenectady County Air Guard Station",Realign,-10,-9,0,0,-10,-9,0,-19,-19,-38,529819,0.0%
"Albemarle, NC Micropolitan Statistical Area","Niven U.S. Army Reserve Center, Albermarle",Close,-34,0,0,5,-34,5,0,-29,-13,-42,26102,-0.2%
"Albuquerque, NM Metropolitan Statistical Area","Jenkins Armed Forces Reserve Center Albuquerque",Close,-35,-1,0,0,-35,-1,0,-36,-29,-65,454397,0.0%
"Albuquerque, NM Metropolitan Statistical Area","Kirtland Air Force Base",Gain,-7,0,37,176,30,176,0,206,206,412,454397,0.1%
"Allentown-Bethlehem-Easton, PA-NJ Metropolitan Statistical Area","Navy-Marine Corps Reserve Center Lehigh",Gain,0,0,8,0,8,0,0,8,3,11,396091,0.0%
"Altus, OK Micropolitan Statistical Area","Altus Air Force Base",Realign,-16,0,0,0,-16,0,0,-16,-10,-26,16463,-0.2%
"Anchorage, AK Metropolitan Statistical Area","Kulis Air Guard Station",Close,-218,-241,0,0,-218,-241,0,-459,-377,-836,211967,-0.4%
"Anchorage, AK Metropolitan Statistical Area","Elmendorf Air Force Base",Realign,-1499,-65,397,233,-1102,168,0,-934,-643,-1577,211967,-0.7%
"Anchorage, AK Metropolitan Statistical Area","Fort Richardson",Realign,-86,-199,0,0,-86,-199,-1,-286,-244,-530,211967,-0.3%
"Anniston-Oxford, AL Metropolitan Statistical Area","Anniston Army Depot",Gain,0,-87,0,1121,0,1034,0,1034,766,1800,60648,3.0%
"Aroostook County, ME ","Defense Finance and Accounting Service, Limestone",Close,0,-241,0,0,0,-241,0,-241,-149,-390,41134,-0.9%
"Asheville, NC Metropolitan Statistical Area","Navy Reserve Center Asheville",Close,-7,0,0,0,-7,0,0,-7,-2,-9,217211,0.0%
"Athens-Clarke County, GA Metropolitan Statistical Area","Naval Supply Corps School Athens",Close,-393,-108,4,0,-389,-108,-16,-513,-317,-830,96829,-0.9%
"Atlanta-Sandy Springs-Marietta, GA Metropolitan Statistical Area","Fort Gillem",Close,-517,-570,6,0,-511,-570,0,-1081,-734,-1815,2777548,-0.1%
"Atlanta-Sandy Springs-Marietta, GA Metropolitan Statistical Area","Fort McPherson",Close,-2260,-1881,0,0,-2260,-1881,0,-4141,-2705,-6846,2777548,-0.2%
"Atlanta-Sandy Springs-Marietta, GA Metropolitan Statistical Area","Naval Air Station Atlanta",Close,-1274,-156,0,0,-1274,-156,-68,-1498,-807,-2305,2777548,-0.1%
"Atlanta-Sandy Springs-Marietta, GA Metropolitan Statistical Area","Peachtree Leases Atlanta",Close,-65,-97,0,0,-65,-97,0,-162,-114,-276,2777548,0.0%
"Atlanta-Sandy Springs-Marietta, GA Metropolitan Statistical Area","Dobbins Air Reserve Base",Gain,0,0,73,45,73,45,0,118,74,192,2777548,0.0%
"Atlantic City, NJ Metropolitan Statistical Area","Atlantic City International Airport Air Guard Station",Gain,-3,-53,62,263,59,210,0,269,207,476,175797,0.3%
"Bakersfield, CA Metropolitan Statistical Area","Edwards Air Force Base",Gain,-14,0,23,42,9,42,0,51,62,113,325440,0.0%
"Bakersfield, CA Metropolitan Statistical Area","Naval Air Weapons Station China Lake",Gain,-44,-14,198,2329,154,2315,0,2469,3129,5598,325440,1.7%
"Baltimore-Towson, MD Metropolitan Statistical Area","Leased Space - MD",Close/Realign,-3,-121,0,0,-3,-121,0,-124,-118,-242,1568140,0.0%
"Baltimore-Towson, MD Metropolitan Statistical Area","Aberdeen Proving Ground",Gain,-3862,-290,451,5661,-3411,5371,216,2176,2814,4990,1568140,0.3%
"Baltimore-Towson, MD Metropolitan Statistical Area","Fort Meade",Gain,-2,0,684,2915,682,2915,1764,5361,4875,10236,1568140,0.7%
"Baltimore-Towson, MD Metropolitan Statistical Area","Martin State Airport Air Guard Station",Realign,-17,-106,0,0,-17,-106,0,-123,-114,-237,1568140,0.0%
"Baltimore-Towson, MD Metropolitan Statistical Area","Naval Station Annapolis",Realign,0,-13,0,0,0,-13,0,-13,-12,-25,1568140,0.0%
"Bangor, ME Metropolitan Statistical Area","Naval Reserve Center, Bangor",Close,-7,0,0,0,-7,0,0,-7,-2,-9,92291,0.0%
"Bangor, ME Metropolitan Statistical Area","Bangor International Airport Air Guard Station",Gain,0,0,45,195,45,195,0,240,173,413,92291,0.4%
"Barnstable Town, MA Metropolitan Statistical Area","Otis Air Guard Base",Close,-62,-443,0,0,-62,-443,0,-505,-322,-827,137499,-0.6%
"Baton Rouge, LA Metropolitan Statistical Area","Baton Rouge Army National Guard Reserve Center",Close,-128,0,11,0,-117,0,0,-117,-57,-174,411691,0.0%
"Baton Rouge, LA Metropolitan Statistical Area","Navy-Marine Corps Reserve Center Baton Rouge",Close,-18,0,0,0,-18,0,0,-18,-8,-26,411691,0.0%
"Baton Rouge, LA Metropolitan Statistical Area","Roberts U.S. Army Reserve Center, Baton Rouge",Close,-30,0,0,0,-30,0,0,-30,-14,-44,411691,0.0%
"Battle Creek, MI Metropolitan Statistical Area","W. K. Kellogg Airport Air Guard Station",Close,-68,-206,0,0,-68,-206,0,-274,-166,-440,74652,-0.6%
"Beaumont-Port Arthur, TX ","Me tropolitan Statistical Area Navy Reserve Center Orange,TX",Close,-11,0,0,0,-11,0,0,-11,-6,-17,193048,0.0%
"Bethesda-Frederick-Gaithersburg, MD Metropolitan Division","PFC Flair U.S. Army Reserve Center, Frederick",Close,-20,-2,0,0,-20,-2,0,-22,-15,-37,727010,0.0%
"Bethesda-Frederick-Gaithersburg, MD Metropolitan Division","Fort Detrick",Gain,0,0,76,43,76,43,-15,104,81,185,727010,0.0%
"Bethesda-Frederick-Gaithersburg, MD Metropolitan Division","National Naval Medical Center Bethesda",Gain,0,0,982,936,982,936,-29,1889,1529,3418,727010,0.5%
"Bethesda-Frederick-Gaithersburg, MD Metropolitan Division","Naval Surface Weapons Station Carderock",Gain,0,0,0,6,0,6,0,6,5,11,727010,0.0%
"Bethesda-Frederick-Gaithersburg, MD Metropolitan Division","Army Research Laboratory, Adelphi",Realign,0,-43,0,0,0,-43,0,-43,-39,-82,727010,0.0%
"Bethesda-Frederick-Gaithersburg, MD Metropolitan Division","I-270 Corridor",Realign,-16,-35,0,0,-16,-35,0,-51,-38,-89,727010,0.0%
"Birmingham-Hoover, AL Metropolitan Statistical Area","Fort Hanna Army National Guard Reserve Center Birmingham",Close,-28,0,0,0,-28,0,0,-28,-12,-40,622605,0.0%
"Birmingham-Hoover, AL Metropolitan Statistical Area","Birmingham Armed Forces Reserve Center",Realign,-146,-159,0,0,-146,-159,0,-305,-193,-498,622605,-0.1%
"Birmingham-Hoover, AL Metropolitan Statistical Area","Birmingham International Airport Air Guard Station",Realign,-66,-117,0,0,-66,-117,0,-183,-124,-307,622605,0.0%
"Bloomsburg-Berwick, PA Micropolitan Statistical Area","U.S. Army Reserve Center Bloomsburg",Close,-20,-2,0,0,-20,-2,0,-22,-12,-34,49836,-0.1%
"Boise City-Nampa, ID ","Metr opolitan Statistical Area Boise Air Terminal Air Guard Station",Realign,-22,-62,0,1,-22,-61,0,-83,-73,-156,314811,0.0%
"Boston-Quincy, MA Metropolitan Division","Naval Shipyard Puget Sound- Boston Detachment",Realign,0,-108,0,0,0,-108,0,-108,-105,-213,1343997,0.0%
"Bremerton-Silverdale, WA Metropolitan Statistical Area","Human Resources Support Center Northwest",Gain,0,0,0,23,0,23,0,23,24,47,119170,0.0%
"Bremerton-Silverdale, WA Metropolitan Statistical Area","Naval Station Bremerton",Gain,0,0,0,1401,0,1401,0,1401,1475,2876,119170,2.4%
"Bremerton-Silverdale, WA Metropolitan Statistical Area","Submarine Base Bangor",Realign,0,-1,0,0,0,-1,0,-1,-1,-2,119170,0.0%
"Bridgeport-Stamford-Norwalk, CT Metropolitan Statistical Area","Turner U.S. Army Reserve Center, Fairfield",Close,-13,-4,0,0,-13,-4,0,-17,-10,-27,578009,0.0%
"Buffalo-Niagara Falls, NY Metropolitan Statistical Area","Army National Guard Reserve Center Niagara Falls",Close,-1,0,0,0,-1,0,0,-1,0,-1,643318,0.0%
"Buffalo-Niagara Falls, NY Metropolitan Statistical Area","Navy Recruiting District Headquarters Buffalo",Close,-25,-6,0,0,-25,-6,-6,-37,-16,-53,643318,0.0%
"Buffalo-Niagara Falls, NY Metropolitan Statistical Area","Niagara Falls International Airport Air Guard Station",Close,-115,-527,0,0,-115,-527,0,-642,-430,-1072,643318,-0.2%
"Burlington-South Burlington, VT Metropolitan Statistical Area","Burlington International Airport Air Guard Station",Gain,0,0,3,53,3,53,0,56,39,95,145790,0.1%
"Cambridge-Newton-Framingham, MA Metropolitan Division","Malony U.S. Army Reserve Cente r",Close,-100,-55,0,0,-100,-55,0,-155,-87,-242,1054892,0.0%
"Cambridge-Newton-Framingham, MA Metropolitan Division","Hanscom Air Force Base",Gain,-47,-223,546,828,499,605,0,1104,662,1766,1054892,0.2%
"Cambridge-Newton-Framingham, MA Metropolitan Division","Natick Soldier Systems Center",Realign,0,-19,0,0,0,-19,0,-19,-12,-31,1054892,0.0%
"Camden, NJ Metropolitan Division","SFC Nelson V. Brittin U.S. Army Reserve Center",Close,-34,-1,0,0,-34,-1,0,-35,-29,-64,619919,0.0%
"Camden, NJ Metropolitan Division","Fort Dix",Gain,0,0,209,144,209,144,0,353,326,679,619919,0.1%
"Camden, NJ Metropolitan Division","McGuire Air Force Base",Gain,0,0,498,37,498,37,0,535,450,985,619919,0.2%
"Cape Girardeau-Jackson, MO-IL Micropolitan Statistical Area","Navy Reserve Center Cape Girardeau",Close,-7,0,0,0,-7,0,0,-7,-1,-8,59473,0.0%
"Carbondale, IL Micropolitan Statistical Area","Armed Forces Reserve Center Carbondale",Close,-32,0,0,0,-32,0,0,-32,-17,-49,38275,-0.1%
"Cedar Rapids, IA Metropolitan Statistical Area","Navy Reserve Center Cedar Rapds",Close,-7,0,0,0,-7,0,0,-7,-2,-9,162044,0.0%
"Chambersburg, PA Micropolitan Statistical Area","Letterkenny Army Depot",Gain,0,0,0,409,0,409,0,409,223,632,65783,1.0%
"Charleston, WV Metropolitan Statistical Area","Yeager Airport Air Guard Station",Realign,-27,-129,0,0,-27,-129,0,-156,-89,-245,176245,-0.1%
"Charleston-North Charleston, SC Metropolitan Statistical Area","Defense Finance and Accounting Service, Charleston",Close,0,-368,0,0,0,-368,0,-368,-607,-975,331580,-0.3%
"Charleston-North Charleston, SC Metropolitan Statistical Area","South Naval Facilities Engineering Command",Close,-6,-492,0,0,-6,-492,-45,-543,-890,-1433,331580,-0.4%
"Charleston-North Charleston, SC Metropolitan Statistical Area","Naval Weapons Station Charleston",Realign,-170,-149,45,24,-125,-125,0,-250,-379,-629,331580,-0.2%
"Charlotte-Gastonia-Concord, NC-SC Metropolitan Statistical Area","Charlotte/Douglas International Airport",Gain,0,0,6,0,6,0,0,6,2,8,936991,0.0%
"Cheyenne, WY Metropolitan Statistical Area","Army Aviation Support Facility Cheyenne",Close,-23,0,0,0,-23,0,0,-23,-10,-33,55849,-0.1%
"Cheyenne, WY Metropolitan Statistical Area","Cheyenne Airport Air Guard Station",Gain,0,0,21,58,21,58,0,79,48,127,55849,0.2%
"Chicago-Naperville-Joliet, IL Metropolitan Division","Navy Reserve Center Forest Park",Close,-15,0,0,0,-15,0,0,-15,-4,-19,4607077,0.0%
"Clarksville, TN-KY Metropolitan Statistical Area","Fort Campbell",Realign,-433,0,73,9,-360,9,0,-351,-252,-603,128456,-0.5%
"Cleveland-Elyria-Mentor, OH Metropolitan Statistical Area","Navy-Marine Corps Reserve Center Cleveland",Close,-24,-1,0,0,-24,-1,0,-25,-8,-33,1301423,0.0%
"Cleveland-Elyria-Mentor, OH Metropolitan Statistical Area","Defense Finance and Accounting Service, Cleveland",Realign,-15,-1013,0,0,-15,-1013,0,-1028,-847,-1875,1301423,-0.1%
"Clovis, NM Micropolitan Statistical Area","Cannon Air Force Base",Close,-2385,-384,0,0,-2385,-384,-55,-2824,-1955,-4779,23348,-20.5%
"Colorado Springs, CO Metropolitan Statistical Area","Leased Space - CO",Close/Realign,0,-11,0,0,0,-11,0,-11,-11,-22,349783,0.0%
"Colorado Springs, CO Metropolitan Statistical Area","Fort Carson",Gain,0,0,4178,199,4178,199,0,4377,3310,7687,349783,2.2%
"Colorado Springs, CO Metropolitan Statistical Area","Peterson Air Force Base",Gain,0,-27,482,19,482,-8,36,510,375,885,349783,0.3%
"Colorado Springs, CO Metropolitan Statistical Area","Schriever Air Force Base",Gain,0,0,44,51,44,51,0,95,85,180,349783,0.1%
"Colorado Springs, CO Metropolitan Statistical Area","United States Ai r Force Academy",Realign,-30,-9,0,0,-30,-9,-1,-40,-32,-72,349783,0.0%
"Columbia, SC Metropolitan Statistical Area","Fort Jackson",Gain,0,0,435,180,435,180,0,615,368,983,418871,0.2%
"Columbia, SC Metropolitan Statistical Area","McEntire Air Guard Station",Gain,0,0,418,8,418,8,0,426,260,686,418871,0.2%
"Columbus, GA-AL Metropolitan Statistical Area","U.S. Army Reserve Center Columbus",Close,-9,0,0,0,-9,0,0,-9,-5,-14,163565,0.0%
"Columbus, GA-AL Metropolitan Statistical Area","Fort Benning",Gain,-842,-69,10063,687,9221,618,0,9839,4003,13842,163565,8.5%
"Columbus, MS Micropolitan Statistical Area","Columbus Air Force Base",Gain,0,0,104,3,104,3,0,107,70,177,34053,0.5%
"Columbus, NE Micropolitan Statistical Area","Army National Guard Reserve Center Columbus",Close,-31,0,0,0,-31,0,0,-31,-16,-47,22545,-0.2%
"Columbus, OH Metropolitan Statistical Area","Army National Guard Reserve Center Westerville",Close,-12,0,0,0,-12,0,0,-12,-4,-16,1122033,0.0%
"Columbus, OH Metropolitan Statistical Area","U.S. Army Reserve Center Whitehall",Close,-25,0,0,0,-25,0,0,-25,-9,-34,1122033,0.0%
"Columbus, OH Metropolitan Statistical Area","Leased Space - OH",Close/Realign,0,-187,0,0,0,-187,0,-187,-153,-340,1122033,0.0%
"Columbus, OH Metropolitan Statistical Area","Defense Supply Center Columbus",Gain,-2,-960,65,2655,63,1695,0,1758,1412,3170,1122033,0.3%
"Columbus, OH Metropolitan Statistical Area","Rickenbacker International Airport Air Guard Station",Gain,0,0,0,1,0,1,0,1,0,1,1122033,0.0%
"Columbus, OH Metropolitan Statistical Area","Columbus",Realign,-4,0,0,0,-4,0,0,-4,-1,-5,1122033,0.0%
"Corpus Christi, TX Metropolitan Statistical Area","Naval Station Ingleside",Close,-1901,-260,0,0,-1901,-260,-57,-2218,-2582,-4800,221376,-2.2%
"Corpus Christi, TX Metropolitan Statistical Area","Corpus Christi Army Depot",Realign,0,-92,0,0,0,-92,0,-92,-132,-224,221376,-0.1%
"Corpus Christi, TX Metropolitan Statistical Area","Naval Air Station Corpus Christi",Realign,-926,-89,0,0,-926,-89,-10,-1025,-1183,-2208,221376,-1.0%
"Dallas-Plano-Irving, TX Metropolitan Division","Army National Guard Reserve Center # 2 Dallas",Close,-90,0,0,0,-90,0,0,-90,-48,-138,2410769,0.0%
"Dallas-Plano-Irving, TX Metropolitan Division","Army National Guard Reserve Center California Crossing",Close,-47,0,0,0,-47,0,0,-47,-25,-72,2410769,0.0%
"Davenport-Moline-Rock Island, IA-IL Metropolitan Statistical Area","Rock Island Arsenal",Realign,-3,-1537,157,120,154,-1417,0,-1263,-1171,-2434,229053,-1.1%
"Dayton, OH Metropolitan Statistical Area","Defense Finance and Accounting Service, Dayton",Close,0,-230,0,0,0,-230,0,-230,-194,-424,512393,-0.1%
"Dayton, OH Metropolitan Statistical Area","Wright Patterson Air Force Base",Gain,-69,-729,658,559,589,-170,75,494,376,870,512393,0.2%
"Dayton, OH Metropolitan Statistical Area","Glenn Research Center",Realign,0,-50,0,0,0,-50,0,-50,-42,-92,512393,0.0%
"Del Rio, TX Micropolitan Statistical Area","Laughlin Air Force Base",Gain,0,0,102,80,102,80,0,182,137,319,21096,1.5%
"Denver-Aurora, CO Metropolitan Statistical Area","Buckley Air Force Base",Gain,0,0,13,81,13,81,0,94,78,172,1545580,0.0%
"Denver-Aurora, CO Metropolitan Statistical Area","Air Reserve Personnel Center",Realign,-159,-1447,57,1500,-102,53,-59,-108,-54,-162,1545580,0.0%
"Des Moines, IA Metropolitan Statistical Area","Des Moines International Airport Air Guard Station",Gain,-31,-172,54,196,23,24,0,47,27,74,362215,0.0%
"Des Moines, IA Metropolitan Statistical Area","Armed Forces Reserve Center Camp Dodge",Realign,-217,-1,0,0,-217,-1,0,-218,-84,-302,362215,-0.1%
"Detroit-Livonia-Dearborn, MI Metropolitan Division","Detroit Arsenal",Gain,-4,-104,4,751,0,647,0,647,407,1054,994108,0.1%
"Dover, DE Metropolitan Statistical Area","Dover Air Force Base",Gain,0,0,115,133,115,133,0,248,254,502,74718,0.7%
"Dubuque, IA Metropolitan Statistical Area","Navy-Marine Corps Reserve Center Dubuque",Close,-19,-5,0,0,-19,-5,0,-24,-8,-32,62005,-0.1%
"Duluth, MN-WI Metropolitan Statistical Area","Navy Reserve Center Duluth",Close,-8,0,0,0,-8,0,0,-8,-2,-10,157359,0.0%
"Durham, NC Metropolitan Statistical Area","Army Research Office, Durham",Realign,-1,-113,0,0,-1,-113,0,-114,-67,-181,319576,-0.1%
"Edison, NJ Metropolitan Division","Fort Monmouth",Close,-620,-4652,0,0,-620,-4652,0,-5272,-4465,-9737,1220335,-0.8%
"Edison, NJ Metropolitan Division","Kilmer U.S. Army Reserve Center, Edison",Close,-23,-21,0,0,-23,-21,0,-44,-31,-75,1220335,0.0%
"Edison, NJ Metropolitan Division","Naval Air Engineering Station Lakehurst",Realign,-132,-54,0,0,-132,-54,0,-186,-123,-309,1220335,0.0%
"Edison, NJ Metropolitan Division","Naval Weapons Station Earle",Realign,0,-63,2,0,2,-63,0,-61,-54,-115,1220335,0.0%
"El Dorado, AR Micropolitan Statistical Area","El Dorado Armed Forces Reserve Center",Close,-24,0,0,0,-24,0,0,-24,-12,-36,29093,-0.1%
"El Paso, TX Metropolitan Statistical Area","El Paso",Close,-106,0,0,0,-106,0,0,-106,-81,-187,328741,-0.1%
"El Paso, TX Metropolitan Statistical Area","Fort Bliss",Gain,-4564,-223,15918,370,11354,147,0,11501,8882,20383,328741,6.2%
"Elizabethtown, KY Metropolitan Statistical Area","Fort Knox",Realign,-10159,-772,5292,2511,-4867,1739,184,-2944,8,-2936,65926,-4.5%
"Elmira, NY Metropolitan Statistical Area","Navy Reserve Center Horsehead",Close,-7,0,0,0,-7,0,0,-7,-6,-13,50494,0.0%
"Enid, OK Micropolitan Statistical Area","Vance Air Force Base",Gain,0,0,93,6,93,6,0,99,94,193,34406,0.6%
"Enterprise-Ozark, AL Micropolitan Statistical Area","Gary U.S. Army Reserve Center Enterprize",Close,-9,-1,0,0,-9,-1,0,-10,-8,-18,48094,0.0%
"Enterprise-Ozark, AL Micropolitan Statistical Area","Fort Rucker",Gain,-423,-80,2157,234,1734,154,0,1888,1689,3577,48094,7.4%
"Evansville, IN-KY Metropolitan Statistical Area","Navy Reserve Center Evansville",Close,-7,0,0,0,-7,0,0,-7,-1,-8,212719,0.0%
"Fairbanks, AK Metropolitan Statistical Area","Eielson Air Force Base",Realign,-2821,-319,0,0,-2821,-319,200,-2940,-1770,-4710,54469,-8.6%
"Fairmont, WV Micropolitan Statistical Area","Fairmont U.S. Army Reserve Center",Close,-88,0,0,0,-88,0,0,-88,-47,-135,26404,-0.5%
"Fallon, NV Micropolitan Statistical Area","Naval Air Station Fallon",Realign,-7,0,0,0,-7,0,0,-7,-5,-12,15858,-0.1%
"Fayetteville, NC Metropolitan Statistical Area","Fort Bragg",Gain,-1352,0,5430,247,4078,247,0,4325,2915,7240,195370,3.7%
"Fayetteville, NC Metropolitan Statistical Area","Pope Air Force Base",Realign,-5969,-345,1148,1153,-4821,808,-132,-4145,-2657,-6802,195370,-3.5%
"Fort Leonard Wood, MO Micropolitan Statistical Area","Fort Leonard Wood",Realign,-181,-2,71,25,-110,23,0,-87,-14,-101,25515,-0.4%
"Fort Smith, AR-OK Metropolitan Statistical Area","Fort Smith Regional",Realign,-19,-59,0,0,-19,-59,0,-78,-56,-134,152388,-0.1%
"Fort Walton Beach-Crestview-Destin, FL Metropolitan Statistical Area","Eglin Air Force Base",Gain,-28,-42,2168,120,2140,78,0,2218,1834,4052,120139,3.4%
"Fort Walton Beach-Crestview-Destin, FL Metropolitan Statistical Area","Hurlburt Field",Realign,-48,-6,0,0,-48,-6,0,-54,-44,-98,120139,-0.1%
"Fort Wayne, IN Metropolitan Statistical Area","Fort Wayne International Airport Air Guard Station",Gain,-5,0,62,256,57,256,0,313,173,486,256503,0.2%
"Fort Worth-Arlington, TX Metropolitan Division","Carswell ARS, Naval Air Station Fo",Gain,0,-12,8,116,8,104,0,112,116,228,1004416,0.0%
"Fort Worth-Arlington, TX Metropolitan Division","Naval Air Station Joint Reserve Base Ft. Worth",Gain,-54,-5,330,41,276,36,2,314,197,511,1004416,0.1%
"Fresno, CA Metropolitan Statistical Area","Fresno Air Terminal",Gain,0,0,57,254,57,254,0,311,207,518,427912,0.1%
"Glens Falls, NY Metropolitan Statistical Area","Navy Reserve Center Glenn Falls",Close,-7,0,0,0,-7,0,0,-7,-1,-8,64173,0.0%
"Goldsboro, NC Metropolitan Statistical Area","Seymore Johnson Air Force Base",Gain,0,0,345,17,345,17,0,362,301,663,60040,1.1%
"Grand Forks, ND-MN Metropolitan Statistical Area","Grand Forks Air Force Base",Realign,-2290,-355,0,0,-2290,-355,0,-2645,-2284,-4929,66242,-7.4%
"Grand Island, NE Micropolitan Statistical Area","Army National Guard Reserve Center Grand Island",Close,-31,0,0,0,-31,0,0,-31,-16,-47,45763,-0.1%
"Great Falls, MT Metropolitan Statistical Area","Galt Hall U.S. Army Reserve Center, Great Falls",Close,-14,-3,0,0,-14,-3,0,-17,-9,-26,49197,-0.1%
"Great Falls, MT Metropolitan Statistical Area","Great Falls International Airport Air Guard Station",Realign,-26,-81,0,0,-26,-81,0,-107,-66,-173,49197,-0.4%
"Guam County, GU ","Andersen Air Force Base",Realign,-64,-31,0,0,-64,-31,0,-95,-79,-174,54980,-0.3%
"Gulfport-Biloxi, MS Metropolitan Statistical Area","Human Resources Support Center Southeast",Realign,0,-138,0,0,0,-138,-10,-148,-131,-279,151445,-0.2%
"Gulfport-Biloxi, MS Metropolitan Statistical Area","Keesler Air Force Base",Realign,-181,-31,0,0,-181,-31,-190,-402,-248,-650,151445,-0.4%
"Hagerstown-Martinsburg, MD-WV Metropolitan Statistical Area","Ewvra Sheppard Air Guard Station",Gain,0,0,7,3,7,3,0,10,7,17,116091,0.0%
"Hanford-Corcoran, CA Metropolitan Statistical Area","Naval Air Station Lemore",Gain,-39,0,44,35,5,35,0,40,32,72,53641,0.1%
"Hardin County, OH ","Parrott U.S. Army Reserve Center Kenton",Close,-9,-1,0,0,-9,-1,0,-10,-5,-15,13264,-0.1%
"Harrisburg-Carlisle, PA Metropolitan Statistical Area","Defense Distribution Depot Susquehanna",Realign,0,-15,0,0,0,-15,0,-15,-13,-28,384888,0.0%
"Harrisburg-Carlisle, PA Metropolitan Statistical Area","Naval Support Activity Mechanicsburg",Realign,0,-11,0,0,0,-11,0,-11,-10,-21,384888,0.0%
"Hartford-West Hartford-East Hartford , CT Metropolitan Statistical Area","U.S. Army Reserve Center Area Maintenance Support Facility",Close,-13,-5,0,0,-13,-5,0,-18,-8,-26,760935,0.0%
"Hartford-West Hartford-East Hartford , CT Metropolitan Statistical Area","Bradley International Airport Air Guard Station",Realign,-23,-88,26,15,3,-73,0,-70,-54,-124,760935,0.0%
"Hilton Head Island-Beaufort, SC Micropolitan Statistical Area","Marine Corps Air Station Beaufort",Gain,0,0,0,12,0,12,0,12,9,21,93051,0.0%
"Honolulu, HI Metropolitan Statistical Area","Naval Station Pearl Harbor",Gain,-29,-213,0,324,-29,111,0,82,89,171,573389,0.0%
"Honolulu, HI Metropolitan Statistical Area","Hickam Air Force Base",Realign,-311,-117,159,7,-152,-110,0,-262,-224,-486,573389,-0.1%
"Hot Springs County, WY ","Army National Guard Reserve Center Thermopolis",Close,-19,0,0,0,-19,0,0,-19,-10,-29,3204,-0.9%
"Houston-Baytown-Sugar Land, TX Metropolitan Statistical Area","Army National Guard Reserve Center Ellington",Close,-14,-45,0,0,-14,-45,0,-59,-41,-100,2898160,0.0%
"Houston-Baytown-Sugar Land, TX Metropolitan Statistical Area","U.S. Army Reserve Center # 2 Houston",Close,-2,0,0,0,-2,0,0,-2,0,-2,2898160,0.0%
"Houston-Baytown-Sugar Land, TX Metropolitan Statistical Area","Ellington Field Air Guard Station",Realign,0,-3,0,0,0,-3,0,-3,-2,-5,2898160,0.0%
"Huntington-Ashland, WV-KY-OH Metropolitan Statistical Area","Bias U.S. Army Reserve Center, Huntington",Close,-1,0,0,0,-1,0,0,-1,0,-1,139908,0.0%
"Huntsville, AL Metropolitan Statistical Area","Redstone Arsenal",Gain,-1322,-288,336,1874,-986,1586,1055,1655,1289,2944,225625,1.3%
"Indianapolis, IN Metropolitan Statistical Area","Navy Recruiting District Headquarters Indianapolis",Close,-27,-5,0,0,-27,-5,-6,-38,-15,-53,1037290,0.0%
"Indianapolis, IN Metropolitan Statistical Area","U.S. Army Reserve Center Seston",Close,-12,0,0,0,-12,0,0,-12,-4,-16,1037290,0.0%
"Indianapolis, IN Metropolitan Statistical Area","Leased Space - IN",Close/Realign,-25,-111,0,0,-25,-111,0,-136,-89,-225,1037290,0.0%
"Indianapolis, IN Metropolitan Statistical Area","Defense Finance and Accounting Service, Indianapolis",Gain,0,-100,114,3478,114,3378,3,3495,2490,5985,1037290,0.6%
"Jackson, MS Metropolitan Statistical Area","Jackson International Airport Air Guard Station",Gain,0,0,0,1,0,1,0,1,0,1,307475,0.0%
"Jacksonville, FL Metropolitan Statistical Area","Jacksonville International Airport Air Guard Station",Gain,0,-6,45,22,45,16,0,61,74,135,727765,0.0%
"Jacksonville, FL Metropolitan Statistical Area","Naval Air Station Jacksonville",Gain,-72,-245,1974,310,1902,65,58,2025,2370,4395,727765,0.6%
"Jacksonville, FL Metropolitan Statistical Area","Naval Station Mayport",Gain,-6,0,403,13,397,13,0,410,480,890,727765,0.1%
"Jacksonville, NC Metropolitan Statistical Area","Marine Corps Base Camp Lejeun e",Realign,-182,-16,0,15,-182,-1,-9,-192,-109,-301,91677,-0.3%
"Johnston County, OK ","Army National Guard Reserve Center Tishomingo",Close,-30,0,0,0,-30,0,0,-30,-16,-46,4603,-1.0%
"Johnstown, PA Metropolitan Statistical Area","Marine Corps Reserve Center Johnstown",Realign,-86,0,0,0,-86,0,0,-86,-52,-138,74442,-0.2%
"Kansas City, MO-KS Metropolitan Statistical Area","Defense Finance and Accounting Service, Kansas City",Close,-37,-576,0,0,-37,-576,0,-613,-549,-1162,1225451,-0.1%
"Kansas City, MO-KS Metropolitan Statistical Area","Marine Corps Support Center Kansas City",Close,-191,-139,0,0,-191,-139,-3,-333,-250,-583,1225451,0.0%
"Kansas City, MO-KS Metropolitan Statistical Area","Navy Recruiting District Headquarters Kansas",Close,-21,-6,0,0,-21,-6,-6,-33,-23,-56,1225451,0.0%
"Kansas City, MO-KS Metropolitan Statistical Area","Fort Leavenworth",Gain,-16,0,211,8,195,8,0,203,131,334,1225451,0.0%
"Kapaa, HI Micropolitan Statistical Area","Army National Guard Reserve Center Honokaa",Close,-118,0,0,0,-118,0,0,-118,-100,-218,37731,-0.6%
"Kearney, NE Micropolitan Statistical Area","Army National Guard Reserve Center Kearny",Close,-8,0,0,0,-8,0,0,-8,-4,-12,35434,0.0%
"Killeen-Temple-Fort Hood, TX Metropolitan Statistical Area","Fort Hood",Realign,-9135,-118,9062,0,-73,-118,0,-191,-163,-354,186916,-0.2%
"King George County, VA ","Naval Surface Warfare Center Dahlgren",Realign,0,-503,0,169,0,-334,-17,-351,-424,-775,14171,-5.5%
"Kingsport-Bristol-Bristol, TN-V ","A Metropolitan Statistical Area U.S. Army Reserve Area Maintenance Support Facility",Close,-30,-2,0,0,-30,-2,0,-32,-7,-39,161187,0.0%
"Knoxville, TN Metropolitan Statistical Area","McGee Tyson APT Air Guard Station",Gain,0,0,58,190,58,190,0,248,245,493,402476,0.1%
"La Crosse, WI-MN Metropolitan Statistical Area","Navy Reserve Center La Crosse",Close,-7,0,0,0,-7,0,0,-7,-2,-9,89588,0.0%
"Lafayette, IN Metropolitan Statistical Area","U.S. Army Reserve Center Lafeyette",Close,-21,0,0,0,-21,0,0,-21,-11,-32,112699,0.0%
"Lake County-Kenosha County, IL-WI Metropolitan Division","Fort Sheridan",Realign,-17,-17,0,0,-17,-17,0,-34,-53,-87,498103,0.0%
"Lake County-Kenosha County, IL-WI Metropolitan Division","Naval Station Great Lakes",Realign,-2005,-124,16,101,-1989,-23,-10,-2022,-2577,-4599,498103,-0.9%
"Lansing-East Lansing, MI Metropolitan Statistical Area","Parisan U.S. Army Reserve Center, Lansing",Close,-25,0,0,0,-25,0,0,-25,-11,-36,281040,0.0%
"Las Cruces, NM Metropolitan Statistical Area","White Sands Missile Range",Realign,-13,-165,0,0,-13,-165,0,-178,-190,-368,79256,-0.5%
"Las Vegas-Paradise, NV Metropolitan Statistical Area","Nellis Air Force Base",Gain,-265,-5,1414,268,1149,263,0,1412,959,2371,890855,0.3%
"Lawton, OK Metropolitan Statistical Area","Fort Sill",Gain,-892,-176,4336,337,3444,161,-3,3602,2129,5731,63978,9.0%
"Lewisburg, PA Micropolitan Statistical Area","U.S. Army Reserve Center Lewisburg",Close,-9,-2,0,0,-9,-2,0,-11,-6,-17,22716,-0.1%
"Lexington Park, MD Micropolitan Statistical Area","Defense Finance and Accounting Service, Patuxent River",Close,0,-53,0,0,0,-53,0,-53,-70,-123,53347,-0.2%
"Lexington Park, MD Micropolitan Statistical Area","Naval Air Station Patuxent River",Gain,-10,-142,7,226,-3,84,6,87,114,201,53347,0.4%
"Lexington Park, MD Micropolitan Statistical Area","Fort Lewis",Realign,0,-164,0,0,0,-164,0,-164,-217,-381,53347,-0.7%
"Lexington-Fayette, KY Metropolitan Statistical Area","Defense Finance and Accounting Service, Lexington",Close,-5,-40,0,0,-5,-40,0,-45,-27,-72,296523,0.0%
"Lexington-Fayette, KY Metropolitan Statistical Area","Navy Reserve Center Lexington",Close,-9,0,0,0,-9,0,0,-9,-2,-11,296523,0.0%
"Lincoln, NE Metropolitan Statistical Area","Navy Reserve Center Lincoln",Close,-7,0,0,0,-7,0,0,-7,-3,-10,198773,0.0%
"Little Rock-North Little Rock, AR Metropolitan Statistical Area","Little Rock Air Force Base",Gain,-16,0,3595,319,3579,319,0,3898,2958,6856,394114,1.7%
"Little Rock-North Little Rock, AR Metropolitan Statistical Area","",Realign,-86,-91,0,0,-86,-91,0,-177,-158,-335,394114,-0.1%
"Los Angeles-Long Beach-Glendale, CA Metropolitan Division","Armed Forces Reserve Center Bell",Close,-72,0,48,0,-24,0,0,-24,-11,-35,5554695,0.0%
"Los Angeles-Long Beach-Glendale, CA Metropolitan Division","Navy-Marine Corps Reserve Center, Encino",Close,-33,0,0,0,-33,0,0,-33,-15,-48,5554695,0.0%
"Los Angeles-Long Beach-Glendale, CA Metropolitan Division","Navy-Marine Corps Reserve Center, Los Angeles",Close,-48,0,0,0,-48,0,0,-48,-22,-70,5554695,0.0%
"Los Angeles-Long Beach-Glendale, CA Metropolitan Division","Leased Space - CA",Close/Realign,-2,-14,0,0,-2,-14,0,-16,-13,-29,5554695,0.0%
"Los Angeles-Long Beach-Glendale, CA Metropolitan Division","Marine Corps Reserve Center Pasadena CA",Gain,0,0,25,0,25,0,0,25,11,36,5554695,0.0%
"Louisville, KY-IN Metropolitan Statistical Area","U.S. Army Reserve Center Louisville",Close,-30,-13,0,0,-30,-13,0,-43,-22,-65,728101,0.0%
"Louisville, KY-IN Metropolitan Statistical Area","Louisville International Airport Air Guard Station",Gain,0,0,0,6,0,6,0,6,4,10,728101,0.0%
"Louisville, KY-IN Metropolitan Statistical Area","Navy Recruiting Command Louisville",Realign,-6,-217,0,0,-6,-217,0,-223,-165,-388,728101,-0.1%
"Lubbock, TX Metropolitan Statistical Area","Navy Reserve Center Lubbock, TX",Close,-7,0,0,0,-7,0,0,-7,-2,-9,156975,0.0%
"Lufkin, TX Micropolitan Statistical Area","Army National Guard Reserve Center Lufkin",Close,-10,0,0,0,-10,0,0,-10,-5,-15,45773,0.0%
"Madison, WI Metropolitan Statistical Area","Navy-Marine Corps Reserve Center Madison",Close,-23,-3,0,0,-23,-3,0,-26,-11,-37,401730,0.0%
"Madison, WI Metropolitan Statistical Area","Olson U.S. Army Reserve Center, Madison",Close,-113,0,0,0,-113,0,0,-113,-42,-155,401730,0.0%
"Madison, WI Metropolitan Statistical Area","Connell",Close,-11,-1,0,0,-11,-1,0,-12,-4,-16,401730,0.0%
"Madison, WI Metropolitan Statistical Area","Armed Forces Reserve Center Madison",Gain,0,0,40,8,40,8,0,48,21,69,401730,0.0%
"Madison, WI Metropolitan Statistical Area","Dane County Airport",Gain,-4,0,22,37,18,37,0,55,35,90,401730,0.0%
"Manhattan, KS Micropolitan Statistical Area","Fort Riley",Gain,0,0,2415,440,2415,440,0,2855,1818,4673,72434,6.5%
"Mansfield, OH Metropolitan Statistical Area","Army National Guard Reserve Center Mansfield",Close,-59,-2,0,0,-59,-2,0,-61,-57,-118,73323,-0.2%
"Mansfield, OH Metropolitan Statistical Area","Mansfield Lahm Municipal Airport Air Guard Station",Close,-63,-171,0,0,-63,-171,0,-234,-294,-528,73323,-0.7%
"Marquette, MI Micropolitan Statistical Area","Navy Reserve Center Marquette",Close,-7,0,0,0,-7,0,0,-7,-1,-8,34562,0.0%
"Marshall, TX Micropolitan Statistical Area","Army National Guard Reserve Center Marshall",Close,-15,-1,0,0,-15,-1,0,-16,-8,-24,29682,-0.1%
"Martin County, IN ","Naval Support Activity Crane",Realign,0,-672,0,0,0,-672,-11,-683,-308,-991,8525,-11.6%
"Maysville, KY Micropolitan Statistical Area","U.S. Army Reserve Center Maysville",Close,-16,-2,0,0,-16,-2,0,-18,-10,-28,16643,-0.2%
"Medford, OR Metropolitan Statistical Area","Navy Reserve Center Central Point",Close,-7,0,0,0,-7,0,0,-7,-2,-9,106355,0.0%
"Memphis, TN-MS-AR Metropolitan Statistical Area","Naval Support Activity Mid South",Gain,0,0,372,601,372,601,88,1061,668,1729,758153,0.2%
"Meridian, MS Micropolitan Statistical Area","Key Field Air Guard Station",Realign,-33,-142,0,0,-33,-142,0,-175,-163,-338,54548,-0.6%
"Meridian, MS Micropolitan Statistical Area","Naval Air Station Meridian",Realign,-15,0,0,0,-15,0,-1,-16,-13,-29,54548,-0.1%
"Miami-Miami Beach-Kendall, FL Metropolitan Division","Homestead Air Reserve Station",Gain,0,-12,0,83,0,71,0,71,70,141,1293315,0.0%
"Milwaukee-Waukesha-West Allis, WI Metropolitan Statistical Area","Gen Mitchell International Airport ARS",Close,-44,-302,24,56,-20,-246,0,-266,-214,-480,986431,0.0%
"Paul-Bloomington, MN-WI Metropolitan Statistical Area","Fort Snelling",Realign,-130,-124,0,0,-130,-124,0,-254,-155,-409,2127894,0.0%
"Mobile, AL Metropolitan Statistical Area","Armed Forces Reserve Center Mobile",Close,-27,0,22,0,-5,0,0,-5,-2,-7,213966,0.0%
"Mobile, AL Metropolitan Statistical Area","Fort Ganey Army National Guard Reserve Center Mobile",Close,-13,0,0,0,-13,0,0,-13,-5,-18,213966,0.0%
"Mobile, AL Metropolitan Statistical Area","Wright U.S. Army Reserve Center",Close,-8,-1,0,0,-8,-1,0,-9,-4,-13,213966,0.0%
"Modesto, CA Metropolitan Statistical Area","Riverbank Army Ammunition Plant",Close,0,-4,0,0,0,-4,-85,-89,-17,-106,217388,0.0%
"Monroe County, WI ","Fort McCoy",Realign,-379,-82,97,133,-282,51,0,-231,-133,-364,23884,-1.5%
"Montgomery, AL Metropolitan Statistical Area","BG William P. Screws U.S. Army Reserve Center Montgomery",Close,-15,-3,0,0,-15,-3,0,-18,-12,-30,207595,0.0%
"Montgomery, AL Metropolitan Statistical Area","Navy Recruiting District Headquarters Montgomery",Close,-31,-5,0,0,-31,-5,-5,-41,-27,-68,207595,0.0%
"The Adjutant General Bldg, AL ","Army National Guard Montgomery",Close,-85,0,0,0,-85,0,0,-85,-56,-141,207595,-0.1%
"The Adjutant General Bldg, AL ","Dannelly Field Air Guard Station",Gain,0,0,18,42,18,42,0,60,45,105,207595,0.1%
"The Adjutant General Bldg, AL ","Maxwell Air Force Base",Realign,-740,-511,0,0,-740,-511,0,-1251,-894,-2145,207595,-1.0%
"Mountain Home, ID Micropolitan Statistical Area","Mountain Home Air Force Base",Realign,-1235,-54,697,23,-538,-31,0,-569,-329,-898,14441,-6.2%
"Muskogee, OK Micropolitan Statistical Area","Armed Forces Reserve Center Muskogee",Close,-14,-2,0,0,-14,-2,0,-16,-9,-25,40416,-0.1%
"Nashville-Davidson--Murfreesboro, TN Metropolitan Statistical Area","Leased Space - TN",Close/Realign,0,-6,0,0,0,-6,0,-6,-4,-10,919365,0.0%
"Nashville-Davidson--Murfreesboro, TN Metropolitan Statistical Area","Nashville International Airport Air Guard Station",Realign,-19,-172,0,0,-19,-172,0,-191,-137,-328,919365,0.0%
"Nassau-Suffolk, NY Metropolitan Division","Armed Forces Reserve Center Amityville",Close,-24,-4,0,0,-24,-4,0,-28,-8,-36,1530568,0.0%
"New Bern, NC Micropolitan Statistical Area","Marine Corps Air Station Cherry Point",Realign,-16,-664,64,8,48,-656,-20,-628,-558,-1186,66366,-1.8%
"New Haven-Milford, CT Metropolitan Statistical Area","SGT Libby U.S. Army Reserve Center, New Haven",Close,-14,-7,0,0,-14,-7,0,-21,-12,-33,472774,0.0%
"New Orleans-Metairie-Kenner, LA Metropolitan Statistical Area","Naval Support Activity New Orleans",Close,-1997,-652,0,0,-1997,-652,-62,-2711,-2016,-4727,763801,-0.6%
"New Orleans-Metairie-Kenner, LA Metropolitan Statistical Area","Leased Space - Slidell",Close/Realign,-1,-102,0,0,-1,-102,-48,-151,-144,-295,763801,0.0%
"New Orleans-Metairie-Kenner, LA Metropolitan Statistical Area","Naval Air Station New Orleans",Gain,0,0,1407,446,1407,446,3,1856,1372,3228,763801,0.4%
"New Orleans-Metairie-Kenner, LA Metropolitan Statistical Area","Naval Air Station New Orleans Air Reserve Station",Realign,-4,-308,45,76,41,-232,0,-191,-207,-398,763801,-0.1%
"New York-Wayne-White Plains, NY-NJ Metropolitan Division","Fort Totten / Pyle",Realign,-75,-74,0,0,-75,-74,0,-149,-72,-221,6226027,0.0%
"Newark-Union, NJ-PA Metropolitan Division","Picatinny Arsenal",Gain,0,0,5,688,5,688,0,693,566,1259,1246371,0.1%
"Norwich-New London, CT Metropolitan Statistical Area","Submarine Base New London",Close,-7096,-952,0,0,-7096,-952,-412,-8460,-7353,-15813,168620,-9.4%
"Oak Harbor, WA Micropolitan Statistical Area","Naval Air Station Whidbey Island",Gain,-34,0,0,173,-34,173,0,139,162,301,35843,0.8%
"Oakland-Fremont-Hayward, CA Metropolitan Division","Defense Finance and Accounting Service, Oakland",Close,0,-50,0,0,0,-50,0,-50,-40,-90,1383332,0.0%
"Oakland-Fremont-Hayward, CA Metropolitan Division","",Realign,-25,-18,0,0,-25,-18,0,-43,-26,-69,1383332,0.0%
"Ogden-Clearfield, UT Metropolitan Statistical Area","Hill Air Force Base",Realign,-13,-447,291,24,278,-423,0,-145,-164,-309,239699,-0.1%
"Oklahoma City, OK Metropolitan Statistical Area","Krowse U.S. Army Reserve Center Oklahoma City",Close,-78,-6,0,0,-78,-6,0,-84,-78,-162,703918,0.0%
"Oklahoma City, OK Metropolitan Statistical Area","",Close,-31,-22,0,0,-31,-22,0,-53,-55,-108,703918,0.0%
"Oklahoma City, OK Metropolitan Statistical Area","Tinker Air Force Base",Gain,-9,-197,9,552,0,355,0,355,450,805,703918,0.1%
"Oklahoma City, OK Metropolitan Statistical Area","Will Rogers World Airport Air Guard Station",Realign,-19,-145,103,46,84,-99,0,-15,-49,-64,703918,0.0%
"Omaha-Council Bluffs, NE-IA Metropolitan Statistical Area","Naval Recruiting District Headquarters Omaha",Close,-19,-7,0,0,-19,-7,-6,-32,-28,-60,538121,0.0%
"Omaha-Council Bluffs, NE-IA Metropolitan Statistical Area","Offutt Air Force Base",Realign,0,-227,54,69,54,-158,0,-104,-130,-234,538121,0.0%
"Orlando, FL Metropolitan Statistical Area","Defense Finance and Accounting Service, Orlando",Close,-9,-200,0,0,-9,-200,0,-209,-204,-413,1082297,0.0%
"Oxnard-Thousand Oaks-Ventura, CA Metropolitan Statistical Area","Channel Islands Air Guard Station",Gain,0,0,4,15,4,15,0,19,23,42,420712,0.0%
"Oxnard-Thousand Oaks-Ventura, CA Metropolitan Statistical Area","Naval Base Ventura City",Realign,-244,-2149,5,854,-239,-1295,0,-1534,-1905,-3439,420712,-0.8%
"Paducah, KY-IL Micropolitan Statistical Area","Army National Guard Reserve Center Paducah",Close,-31,0,0,0,-31,0,0,-31,-16,-47,61551,-0.1%
"Palm Bay-Melbourne-Titusville, FL Metropolitan Statistical Area","Patrick Air Force Base",Realign,-136,-59,0,0,-136,-59,0,-195,-165,-360,247994,-0.1%
"Panama City-Lynn Haven, FL Metropolitan Statistical Area","Naval Support Activity Panama City",Realign,-12,-12,0,0,-12,-12,0,-24,-24,-48,86688,-0.1%
"Panama City-Lynn Haven, FL Metropolitan Statistical Area","Tyndall Air Force Base",Realign,-48,-19,11,0,-37,-19,0,-56,-57,-113,86688,-0.1%
"Parsons, KS Micropolitan Statistical Area","Kansas Army Ammunition Plant",Close,0,-8,0,0,0,-8,-159,-167,-109,-276,15144,-1.8%
"Pascagoula, MS Metropolitan Statistical Area","Naval Station Pascagoula",Close,-844,-112,0,0,-844,-112,-7,-963,-798,-1761,68520,-2.6%
"Pendleton-Hermiston, OR Micropolitan Statistical Area","Umatilla Army Depot",Close,-127,-385,0,0,-127,-385,0,-512,-372,-884,44887,-2.0%
"Pensacola-Ferry Pass-Brent, FL Metropolitan Statistical Area","Naval Air Station Pensacola",Realign,-857,-1304,555,124,-302,-1180,-97,-1579,-2521,-4100,210512,-1.9%
"Peoria, IL Metropolitan Statistical Area","Greater Peoria Regio",Gain,0,0,13,21,13,21,0,34,23,57,217455,0.0%
"Peru, IN Micropolitan Statistical Area","Navy Marine Corps Reserve Center Grissom Air Reserve",Close,-7,0,0,0,-7,0,0,-7,-1,-8,14974,-0.1%
"Philadelphia, PA Metropolitan Division","Bristol",Close,-9,-2,0,0,-9,-2,0,-11,-5,-16,2273372,0.0%
"Philadelphia, PA Metropolitan Division","Engineering Field Activity Northeast",Close,-4,-188,0,0,-4,-188,0,-192,-155,-347,2273372,0.0%
"Philadelphia, PA Metropolitan Division","Naval Air Station Willow Grove",Close,-865,-362,0,0,-865,-362,-5,-1232,-698,-1930,2273372,-0.1%
"Philadelphia, PA Metropolitan Division","Navy Crane Center Lester",Close,-1,-54,0,0,-1,-54,0,-55,-44,-99,2273372,0.0%
"Philadelphia, PA Metropolitan Division","North Penn U.S. Army Reserve Center, Norristown",Close,-22,-1,0,0,-22,-1,0,-23,-10,-33,2273372,0.0%
"Philadelphia, PA Metropolitan Division","W. Reese U.S. Army Reserve Center/OMS, Chester",Close,-9,-1,0,0,-9,-1,0,-10,-4,-14,2273372,0.0%
"Philadelphia, PA Metropolitan Division","Naval Support Activity Philadelphia",Gain,0,-10,0,301,0,291,0,291,237,528,2273372,0.0%
"Philadelphia, PA Metropolitan Division","Human Resources Support Center Northeast",Realign,0,-174,0,0,0,-174,-9,-183,-148,-331,2273372,0.0%
"Philadelphia, PA Metropolitan Division","Navy Philadelphia Business Center",Realign,0,-63,0,0,0,-63,0,-63,-51,-114,2273372,0.0%
"Phoenix-Mesa-Scottsdale, AZ Metropolitan Statistical Area","Air Force Research Lab, Mesa City",Close,-42,-46,0,0,-42,-46,0,-88,-82,-170,1971119,0.0%
"Phoenix-Mesa-Scottsdale, AZ Metropolitan Statistical Area","Leased Space - AZ",Close/Realign,0,-1,0,0,0,-1,0,-1,-1,-2,1971119,0.0%
"Phoenix-Mesa-Scottsdale, AZ Metropolitan Statistical Area","Phoenix Sky Harbor I",Gain,0,0,10,29,10,29,0,39,39,78,1971119,0.0%
"Phoenix-Mesa-Scottsdale, AZ Metropolitan Statistical Area","Luke Air Force Base",Realign,-101,-177,0,0,-101,-177,0,-278,-273,-551,1971119,0.0%
"Picayune, MS Micropolitan Statistical Area","Mississippi Army Ammunition Plant",Close,0,-4,0,0,0,-4,-50,-54,-35,-89,16286,-0.5%
"Pine Bluff, AR Metropolitan Statistical Area","Stone U.S. Army Reserve Center, Pine Bluff",Close,-30,-4,0,0,-30,-4,0,-34,-13,-47,49184,-0.1%
"Pittsburgh, PA Metropolitan Statistical Area","Kelly Support Center",Close,-174,-136,0,0,-174,-136,0,-310,-183,-493,1403312,0.0%
"Pittsburgh, PA Metropolitan Statistical Area","Pittsburgh International Airport Air Reserve Station",Close,-44,-278,0,0,-44,-278,0,-322,-258,-580,1403312,0.0%
"Pittsburgh, PA Metropolitan Statistical Area","Navy-Marine Corps Reserve Center Pittsburgh",Gain,0,0,7,0,7,0,0,7,2,9,1403312,0.0%
"Pittsburgh, PA Metropolitan Statistical Area","Pitt U.S. Army Reserve Center, Corapolis",Realign,-119,-101,0,0,-119,-101,0,-220,-132,-352,1403312,0.0%
"Pocatello, ID Metropolitan Statistical Area","Navy Reserve Center Pocatello",Close,-7,0,0,0,-7,0,0,-7,-2,-9,47266,0.0%
"Pocatello, ID Metropolitan Statistical Area","Portland-South Portland-Biddeford ME Metropolitan Statistical Area Naval Shipyard Portsmouth",Close,-201,-4032,0,0,-201,-4032,-277,-4510,-4656,-9166,331655,-2.8%
"Pocatello, ID Metropolitan Statistical Area","Naval Air Station Brunswick",Realign,-2317,-61,0,0,-2317,-61,-42,-2420,-1846,-4266,331655,-1.3%
"Portland-Vancouver-Beaverton, OR-WA Metropolitan Statistical Area","Vancover Barracks",Close,-29,-16,0,0,-29,-16,0,-45,-27,-72,1232839,0.0%
"Portland-Vancouver-Beaverton, OR-WA Metropolitan Statistical Area","Portland International Airport Air Guard Station",Realign,-112,-452,0,0,-112,-452,0,-564,-453,-1017,1232839,-0.1%
"Poughkeepsie-Newburgh-Middletown, NY Metropolitan Statistical Area","Carpenter U.S. Army Reserve Center,Poughkeepie",Close,-8,-1,0,0,-8,-1,0,-9,-5,-14,312628,0.0%
"Poughkeepsie-Newburgh-Middletown, NY Metropolitan Statistical Area","United States Military Academy",Gain,0,0,226,38,226,38,0,264,158,422,312628,0.1%
"Providence-New Bedford-Fall River, RI-MA Metropolitan Statistical Area","Harwood U.S. Army Reserve Center, Providence",Close,-20,-4,0,0,-20,-4,0,-24,-30,-54,864734,0.0%
"Providence-New Bedford-Fall River, RI-MA Metropolitan Statistical Area","USARC Bristol",Close,-24,0,0,0,-24,0,0,-24,-28,-52,864734,0.0%
"Providence-New Bedford-Fall River, RI-MA Metropolitan Statistical Area","Naval Station Newport",Gain,-122,-225,647,309,525,84,-76,533,654,1187,864734,0.1%
"Providence-New Bedford-Fall River, RI-MA Metropolitan Statistical Area","Quonset State Airport Air Guard Station",Gain,0,0,17,29,17,29,0,46,67,113,864734,0.0%
"Rapid City, SD Metropolitan Statistical Area","Ellsworth Air Force Base",Close,-3315,-438,0,0,-3315,-438,-99,-3852,-2915,-6767,79970,-8.5%
"Reading, PA Metropolitan Statistical Area","Navy-Marine Corps Reserve Center Reading",Close,-18,0,0,0,-18,0,0,-18,-6,-24,213550,0.0%
"Reno-Sparks, NV Metropolitan Statistical Area","Hawthorne Army Depot",Close,-74,-45,0,0,-74,-45,-80,-199,-126,-325,243270,-0.1%
"Reno-Sparks, NV Metropolitan Statistical Area","Reno-Tahoe International Airport Air Guard Station",Realign,-23,-124,0,0,-23,-124,0,-147,-115,-262,243270,-0.1%
"Richmond, VA Metropolitan Statistical Area","Leased Space - VA",Close/Realign,0,-215,0,0,0,-215,0,-215,-166,-381,715302,-0.1%
"Richmond, VA Metropolitan Statistical Area","Defense Supply Center Richmond",Gain,0,-77,0,83,0,6,0,6,4,10,715302,0.0%
"Richmond, VA Metropolitan Statistical Area","Fort Lee",Gain,-392,-2,6531,1151,6139,1149,56,7344,4425,11769,715302,1.6%
"Richmond, VA Metropolitan Statistical Area","Richmond International Airport Air Guard Station",Realign,-25,-101,0,0,-25,-101,0,-126,-92,-218,715302,0.0%
"Riverside-San Bernardino-Ontario, CA Metropolitan Statistical Area","Defense Finance and Accounting Service, San Bernardino",Close,0,-120,0,0,0,-120,0,-120,-121,-241,1479524,0.0%
"Riverside-San Bernardino-Ontario, CA Metropolitan Statistical Area","Naval Support Activity Corona",Close,-6,-886,0,0,-6,-886,0,-892,-904,-1796,1479524,-0.1%
"Riverside-San Bernardino-Ontario, CA Metropolitan Statistical Area","March Air Reserve Base",Realign,-71,-44,0,4,-71,-40,0,-111,-90,-201,1479524,0.0%
"Riverside-San Bernardino-Ontario, CA Metropolitan Statistical Area","Marine Corps Logistics Base Barstow",Realign,-140,-330,0,0,-140,-330,51,-419,-396,-815,1479524,-0.1%
"Rockingham County-Strafford County, NH Metropolitan Division","Doble U.S. Army Reserve Center Portsmouth",Close,-39,-5,0,0,-39,-5,0,-44,-29,-73,238671,0.0%
"Rockingham County-Strafford County, NH Metropolitan Division","Armed Forces Reserve Center Pease Air Force Base",Gain,0,0,20,28,20,28,0,48,40,88,238671,0.0%
"Rome, GA Metropolitan Statistical Area","Inspector/Instructor Rome GA",Close,-9,0,0,0,-9,0,0,-9,-3,-12,50944,0.0%
"Salinas, CA Metropolitan Statistical Area","Defense Finance and Accounting Service, Seaside",Close,-10,-51,0,0,-10,-51,0,-61,-61,-122,235299,-0.1%
"Salinas, CA Metropolitan Statistical Area","Fort Hunter Liggett",Gain,0,0,25,18,25,18,0,43,41,84,235299,0.0%
"Salt Lake City, UT Metropolitan Statistical Area","Deseret Chemical Depot",Close,-186,-62,0,0,-186,-62,0,-248,-143,-391,701532,-0.1%
"Salt Lake City, UT Metropolitan Statistical Area","Fort Douglas",Realign,-15,-38,0,0,-15,-38,0,-53,-41,-94,701532,0.0%
"San Antonio, TX Metropolitan Statistical Area","Army National Guard Reserve Center New Braunfels",Close,-106,0,0,0,-106,0,0,-106,-89,-195,1009217,0.0%
"San Antonio, TX Metropolitan Statistical Area","Brooks City Base",Close,-1297,-1268,0,0,-1297,-1268,-358,-2923,-2801,-5724,1009217,-0.6%
"San Antonio, TX Metropolitan Statistical Area","Defense Finance and Accounting Service, San Antonio",Close,-32,-303,0,0,-32,-303,0,-335,-367,-702,1009217,-0.1%
"San Antonio, TX Metropolitan Statistical Area","Leased Space - TX",Close/Realign,-78,-147,0,0,-78,-147,0,-225,-230,-455,1009217,0.0%
"San Antonio, TX Metropolitan Statistical Area","Fort Sam Houston",Gain,-117,0,7765,1624,7648,1624,92,9364,8324,17688,1009217,1.8%
"San Antonio, TX Metropolitan Statistical Area","Randolph Air Force Base",Gain,-576,-174,164,705,-412,531,63,182,300,482,1009217,0.0%
"San Antonio, TX Metropolitan Statistical Area","Lackland Air Force Base",Realign,-2489,-1223,235,453,-2254,-770,-116,-3140,-2755,-5895,1009217,-0.6%
"San Diego-Carlsbad-San Marcos, CA Metropolitan Statistical Area","Defense Finance and Accounting Service, San Diego",Close,-3,-237,0,0,-3,-237,0,-240,-256,-496,1806321,0.0%
"San Diego-Carlsbad-San Marcos, CA Metropolitan Statistical Area","Marine Corps Base Miramar",Gain,-46,-3,87,34,41,31,0,72,70,142,1806321,0.0%
"San Diego-Carlsbad-San Marcos, CA Metropolitan Statistical Area","Naval Base Point Loma",Gain,-12,-341,312,350,300,9,0,309,279,588,1806321,0.0%
"San Diego-Carlsbad-San Marcos, CA Metropolitan Statistical Area","Naval Station San Diego",Gain,-1,-2,1085,86,1084,84,2,1170,1066,2236,1806321,0.1%
"San Diego-Carlsbad-San Marcos, CA Metropolitan Statistical Area","Human Resources Support Center Southwest",Realign,0,-164,0,0,0,-164,0,-164,-175,-339,1806321,0.0%
"San Diego-Carlsbad-San Marcos, CA Metropolitan Statistical Area","Marine Corps Base Camp Pendleton",Realign,-145,-6,0,7,-145,1,0,-144,-129,-273,1806321,0.0%
"San Diego-Carlsbad-San Marcos, CA Metropolitan Statistical Area","Naval Base Coronado",Realign,-71,-587,0,198,-71,-389,0,-460,-481,-941,1806321,-0.1%
"San Diego-Carlsbad-San Marcos, CA Metropolitan Statistical Area","Naval Medical Center San Diego",Realign,-1596,-33,0,0,-1596,-33,-1,-1630,-1470,-3100,1806321,-0.2%
"San Diego-Carlsbad-San Marcos, CA Metropolitan Statistical Area","Naval Weapons Station Fallbrook",Realign,0,-118,0,0,0,-118,0,-118,-126,-244,1806321,0.0%
"San Jose-Sunnyvale-Santa Clara, CA Metropolitan Statistical Area","Onizuka Air Force Station",Close,-107,-171,0,0,-107,-171,0,-278,-114,-392,1187969,0.0%
"San Jose-Sunnyvale-Santa Clara, CA Metropolitan Statistical Area","AFRC Moffett Field",Gain,0,0,87,166,87,166,0,253,106,359,1187969,0.0%
"San Juan-Caguas-Guaynabo, PR Metropolitan Statistical Area","Army National Guard Reserve Center Humacao",Close,-26,0,0,0,-26,0,0,-26,-18,-44,850261,0.0%
"San Juan-Caguas-Guaynabo, PR Metropolitan Statistical Area","Lavergne U.S. Army Reserve Center Bayamon",Close,-25,-1,0,0,-25,-1,0,-26,-18,-44,850261,0.0%
"San Juan-Caguas-Guaynabo, PR Metropolitan Statistical Area","Camp Euripides Rubio, Puerto Nuevo",Realign,-43,0,0,0,-43,0,0,-43,-29,-72,850261,0.0%
"San Juan-Caguas-Guaynabo, PR Metropolitan Statistical Area","Fort Buchanan",Realign,-9,-47,0,0,-9,-47,0,-56,-54,-110,850261,0.0%
"Santa Ana-Anaheim-Irvine, CA Metropolitan Division","Naval Weapons Station Seal Beach Det Concord",Close,0,-71,0,0,0,-71,0,-71,-57,-128,1901499,0.0%
"Santa Ana-Anaheim-Irvine, CA Metropolitan Division","",Realign,-92,-78,0,0,-92,-78,0,-170,-99,-269,1901499,0.0%
"Santa Barbara-Santa Maria-Goleta, CA Metropolitan Statistical Area","Vandenburg Air Force Base",Gain,0,0,44,101,44,101,0,145,114,259,254600,0.1%
"Savannah, GA Metropolitan Statistical Area","Savannah International Airport Air Guard Station",Gain,0,0,17,21,17,21,0,38,38,76,174403,0.0%
"Scranton--Wilkes-Barre, PA Metropolitan Statistical Area","Serrenti U.S. Army Reserve Center, Scranton",Close,-47,-8,0,0,-47,-8,0,-55,-21,-76,306854,0.0%
"Scranton--Wilkes-Barre, PA Metropolitan Statistical Area","Tobyhanna Army Depot",Gain,-1,-82,3,355,2,273,0,275,192,467,306854,0.2%
"Seattle-Bellevue-Everett, WA Metropolitan Division","Army National Guard Reserve Center Everett",Close,-57,0,0,0,-57,0,0,-57,-32,-89,1690448,0.0%
"Seattle-Bellevue-Everett, WA Metropolitan Division","U.S. Army Reserve Center Fort Lawton",Close,-53,-54,0,0,-53,-54,0,-107,-76,-183,1690448,0.0%
"Shreveport-Bossier City, LA Metropolitan Statistical Area","Barksdale Air Force Base",Gain,0,0,5,60,5,60,0,65,70,135,211384,0.1%
"Sierra Vista-Douglas, AZ Micropolitan Statistical Area","Fort Huachuca",Realign,0,-212,0,44,0,-168,1,-167,-125,-292,51749,-0.6%
"Sioux City, IA-NE-SD Metropolitan Statistical Area","Navy Reserve Center Sioux City",Close,-7,0,0,0,-7,0,0,-7,-2,-9,93206,0.0%
"Sioux City, IA-NE-SD Metropolitan Statistical Area","Sioux Gateway Airport Air Guard",Gain,0,0,33,170,33,170,0,203,155,358,93206,0.4%
"Sioux Falls, SD Metropolitan Statistical Area","Joe Foss Field Air Guard Station",Gain,-4,0,32,27,28,27,0,55,35,90,149410,0.1%
"Spokane, WA Metropolitan Statistical Area","LT Richard H. Walker U.S. Army Reserve Center",Close,-38,0,0,0,-38,0,0,-38,-32,-70,249887,0.0%
"Spokane, WA Metropolitan Statistical Area","Fairchild Air Force Base",Realign,-26,-172,0,0,-26,-172,0,-198,-215,-413,249887,-0.2%
"Springfield, IL Metropolitan Statistical Area","Capital Airport Air Guard Station",Realign,-52,-133,22,0,-30,-133,0,-163,-105,-268,139247,-0.2%
"Springfield, MA Metropolitan Statistical Area","Westover U.S. Army Reserve Center, Cicopee",Close,-13,0,0,0,-13,0,0,-13,-5,-18,374117,0.0%
"Springfield, MA Metropolitan Statistical Area","Barnes Municipal Airport Air Guard Station",Gain,0,-5,23,89,23,84,0,107,86,193,374117,0.1%
"Springfield, MA Metropolitan Statistical Area","Westover Air Force Base",Gain,0,0,69,11,69,11,0,80,41,121,374117,0.0%
"Springfield, OH Metropolitan Statistical Area","Springfield-Beckley Municipal Airport Air Guard Station",Realign,-66,-225,0,0,-66,-225,0,-291,-149,-440,67753,-0.6%
"Joseph, MO-KS Metropolitan Statistical Area","Rosecrans Memorial Airport Air Guard Station",Gain,0,0,8,27,8,27,0,35,23,58,68849,0.1%
"Louis, MO-IL Metropolitan Statistical Area","Army National Guard Reserve Center Jefferson Barracks",Close,-67,0,0,0,-67,0,0,-67,-54,-121,1668793,0.0%
"Louis, MO-IL Metropolitan Statistical Area","Defense Finance and Accounting Service, St. Louis",Close,-2,-291,0,0,-2,-291,0,-293,-318,-611,1668793,0.0%
"Louis, MO-IL Metropolitan Statistical Area","Leased Space - MO",Close/Realign,-709,-1234,0,0,-709,-1234,-150,-2093,-2078,-4171,1668793,-0.2%
"Louis, MO-IL Metropolitan Statistical Area","Scott Air Force Base",Gain,-252,0,131,832,-121,832,86,797,900,1697,1668793,0.1%
"Louis, MO-IL Metropolitan Statistical Area","Lambert International Airport- St Louis",Realign,-34,-215,0,0,-34,-215,0,-249,-261,-510,1668793,0.0%
"Marys, GA Micropolitan Statistical Area","Submarine Base Kings Bay",Gain,0,0,3245,102,3245,102,20,3367,1667,5034,23025,21.9%
"Stewart County, GA ","Bethesda/Chevy Chase",Realign,-5,-2,0,0,-5,-2,0,-7,-4,-11,1628,-0.7%
"Stockton, CA Metropolitan Statistical Area","Defense Distribution Depot San Joaquin",Realign,0,-31,0,0,0,-31,0,-31,-20,-51,269709,0.0%
"Sumter, SC Metropolitan Statistical Area","Shaw Air Force Base",Gain,-74,-1,816,76,742,75,0,817,604,1421,54168,2.6%
"Tacoma, WA Metropolitan Division","Navy-Marine Corps Reserve Center Tacoma",Close,-20,0,0,0,-20,0,0,-20,-15,-35,339431,0.0%
"Tacoma, WA Metropolitan Division","Fort Lewis",Gain,-2,-1,187,46,185,45,0,230,187,417,339431,0.1%
"Tacoma, WA Metropolitan Division","McChord Air Force Base",Realign,-460,-143,36,7,-424,-136,-7,-567,-469,-1036,339431,-0.3%
"Petersburg-Clearwater, FL Metropolitan Statistical Area","Navy Reserve Center ST Petersburg",Close,-12,0,0,0,-12,0,0,-12,-10,-22,1485074,0.0%
"Petersburg-Clearwater, FL Metropolitan Statistical Area","MacDill Air Force Base",Gain,-292,0,162,231,-130,231,0,101,152,253,1485074,0.0%
"Terre Haute, IN Metropolitan Statistical Area","Newport Chemical Depot",Close,-210,-81,0,0,-210,-81,-280,-571,-267,-838,89765,-0.9%
"Terre Haute, IN Metropolitan Statistical Area","Hulman Regional Airport Air Guard Station",Realign,-12,-124,0,0,-12,-124,0,-136,-95,-231,89765,-0.3%
"TX-Texarkana, AR Metropolitan Statistical Area","Lone Star Army Ammunition Plant",Close,-2,-18,0,0,-2,-18,-129,-149,-80,-229,67895,-0.3%
"TX-Texarkana, AR Metropolitan Statistical Area","Red River Army Depot",Close,-9,-2491,0,0,-9,-2491,0,-2500,-1676,-4176,67895,-6.2%
"Toledo, OH Metropolitan Statistical Area","Toledo Express Airport Air Guard Station",Gain,0,0,14,112,14,112,0,126,90,216,403161,0.1%
"Topeka, KS Metropolitan Statistical Area","Forbes Field Air Guard Station",Gain,0,0,53,194,53,194,0,247,169,416,144675,0.3%
"Trenton-Ewing, NJ Metropolitan Statistical Area","Inspector/Instruct or Center West Trenton",Close,-11,-1,0,0,-11,-1,0,-12,-4,-16,249721,0.0%
"Troy, AL Micropolitan Statistical Area","Anderson U.S. Army Reserve Center Troy",Close,-15,0,0,0,-15,0,0,-15,-8,-23,15306,-0.2%
"Tucson, AZ Metropolitan Statistical Area","Allen Hall Armed Forces Reserve Center, Tucson",Close,-60,0,0,0,-60,0,0,-60,-52,-112,448946,0.0%
"Tulsa, OK Metropolitan Statistical Area","Armed Forces Reserve Center Broken Arrow",Close,-26,0,32,0,6,0,0,6,2,8,533659,0.0%
"Tulsa, OK Metropolitan Statistical Area","Navy-Marine Corps Reserve Center Tulsa",Close,-32,0,0,0,-32,0,0,-32,-11,-43,533659,0.0%
"Tulsa, OK Metropolitan Statistical Area","Tulsa International Airport Air Guard Station",Gain,0,0,22,81,22,81,0,103,83,186,533659,0.0%
"Tuscaloosa, AL Metropolitan Statistical Area","Navy Reserve Center Tuscaloosa AL",Close,-7,0,0,0,-7,0,0,-7,-2,-9,104345,0.0%
"Tuskegee, AL Micropolitan Statistical Area","Abbott U.S. Army Reserve Center Tuskegee",Close,-2,-1,0,0,-2,-1,0,-3,-1,-4,8256,0.0%
"Utica-Rome, NY Metropolitan Statistical Area","Defense Finance and Accounting Service, Rome",Close,0,-290,0,0,0,-290,0,-290,-274,-564,158421,-0.4%
"Utica-Rome, NY Metropolitan Statistical Area","Rome Laboratory",Realign,-13,-124,0,0,-13,-124,0,-137,-122,-259,158421,-0.2%
"Valdosta, GA Metropolitan Statistical Area","Moody Air Force Base",Gain,-604,-145,1274,50,670,-95,0,575,416,991,65992,1.5%
"Vicksburg, MS Micropolitan Statistical Area","U.S. Army Reserve Center Vicksburg",Close,-26,-2,0,0,-26,-2,0,-28,-15,-43,29916,-0.1%
"Virginia Beach-Norfolk-Newport News, VA-NC Metropolitan Statistical Area","Fort Monroe",Close,-1393,-1948,0,0,-1393,-1948,-223,-3564,-4418,-7982,978888,-0.8%
"Virginia Beach-Norfolk-Newport News, VA-NC Metropolitan Statistical Area","Langley Air Force Base",Gain,-53,-46,780,68,727,22,0,749,796,1545,978888,0.2%
"Virginia Beach-Norfolk-Newport News, VA-NC Metropolitan Statistical Area","Naval Amphibious Base Little Creek",Gain,0,0,10,27,10,27,0,37,48,85,978888,0.0%
"Virginia Beach-Norfolk-Newport News, VA-NC Metropolitan Statistical Area","Naval Shipyard Norfolk",Gain,0,0,177,1774,177,1774,85,2036,2744,4780,978888,0.5%
"Virginia Beach-Norfolk-Newport News, VA-NC Metropolitan Statistical Area","Naval Station Norfolk",Gain,-373,-1085,3820,356,3447,-729,89,2807,2716,5523,978888,0.6%
"Virginia Beach-Norfolk-Newport News, VA-NC Metropolitan Statistical Area","Naval Support Activity Norfolk",Gain,-6,0,573,205,567,205,16,788,899,1687,978888,0.2%
"Virginia Beach-Norfolk-Newport News, VA-NC Metropolitan Statistical Area","Fort Eustis",Realign,-3863,-852,962,1432,-2901,580,169,-2152,-2066,-4218,978888,-0.4%
"Virginia Beach-Norfolk-Newport News, VA-NC Metropolitan Statistical Area","Naval Air Station Oceana",Realign,-110,-3,0,53,-110,50,0,-60,-46,-106,978888,0.0%
"Virginia Beach-Norfolk-Newport News, VA-NC Metropolitan Statistical Area","Naval Medical Center Portsmouth",Realign,-463,-25,28,0,-435,-25,-1,-461,-494,-955,978888,-0.1%
"Virginia Beach-Norfolk-Newport News, VA-NC Metropolitan Statistical Area","Naval Weapons Station Yorktown",Realign,0,-179,0,0,0,-179,0,-179,-248,-427,978888,0.0%
"Warner Robins, GA Metropolitan Statistical Area","Robins Air Force Base",Gain,-484,-225,453,224,-31,-1,781,749,445,1194,65130,1.8%
"Warren-Farmington Hills-Troy, MI Metropolitan Division","Selfridge Army Activity",Close,-126,-174,0,0,-126,-174,0,-300,-180,-480,1505252,0.0%
"Warren-Farmington Hills-Troy, MI Metropolitan Division","Selfridge Air National Guard Base",Gain,-3,-76,72,167,69,91,-76,84,51,135,1505252,0.0%
"Warrensburg, MO Micropolitan Statistical Area","Whiteman Air Force Base",Gain,0,0,3,58,3,58,0,61,49,110,28670,0.4%
"Washington-Arlington-Alexandria, DC-VA-MD-WV Metropolitan Division","Navy Reserve Center Adelphi",Close,-17,0,0,0,-17,0,0,-17,-10,-27,2771791,0.0%
"Washington-Arlington-Alexandria, DC-VA-MD-WV Metropolitan Division","Leased Space - DC",Close/Realign,-103,-68,0,79,-103,11,0,-92,-56,-148,2771791,0.0%
"Washington-Arlington-Alexandria, DC-VA-MD-WV Metropolitan Division","Leased Space - VA",Close/Realign,-6199,-15539,0,0,-6199,-15539,-972,-22710,-16291,-39001,2771791,-1.4%
"Washington-Arlington-Alexandria, DC-VA-MD-WV Metropolitan Division","Andrews Air Force Base",Gain,-416,-189,607,489,191,300,-91,400,286,686,2771791,0.0%
"Washington-Arlington-Alexandria, DC-VA-MD-WV Metropolitan Division","Fort Belvoir",Gain,-466,-2281,4537,8010,4071,5729,2058,11858,8250,20108,2771791,0.7%
"Washington-Arlington-Alexandria, DC-VA-MD-WV Metropolitan Division","Headquarters Battalion, Headquarters Marine Corps,",Gain,-52,-22,453,206,401,184,81,666,443,1109,2771791,0.0%
"Washington-Arlington-Alexandria, DC-VA-MD-WV Metropolitan Division","Marine Corps Base Quantico",Gain,-50,0,496,1357,446,1357,1210,3013,2108,5121,2771791,0.2%
"Washington-Arlington-Alexandria, DC-VA-MD-WV Metropolitan Division","Arlington Service Center",Realign,-224,-516,435,406,211,-110,-383,-282,-205,-487,2771791,0.0%
"Washington-Arlington-Alexandria, DC-VA-MD-WV Metropolitan Division","Bolling Air Force Base",Realign,-96,-242,0,0,-96,-242,-61,-399,-283,-682,2771791,0.0%
"Washington-Arlington-Alexandria, DC-VA-MD-WV Metropolitan Division","Center for Naval Research",Realign,-25,-313,0,0,-25,-313,0,-338,-252,-590,2771791,0.0%
"Washington-Arlington-Alexandria, DC-VA-MD-WV Metropolitan Division","Defense Finance and Accounting Service, Arlington",Realign,-7,-401,0,0,-7,-401,0,-408,-308,-716,2771791,0.0%
"Washington-Arlington-Alexandria, DC-VA-MD-WV Metropolitan Division","Naval Air Facility Washington",Realign,-9,-9,0,0,-9,-9,0,-18,-12,-30,2771791,0.0%
"Washington-Arlington-Alexandria, DC-VA-MD-WV Metropolitan Division","Naval District Washington",Realign,-108,-845,28,522,-80,-323,40,-363,-268,-631,2771791,0.0%
"Washington-Arlington-Alexandria, DC-VA-MD-WV Metropolitan Division","Naval Surface Warfare Center Indian Head",Realign,0,-137,0,42,0,-95,0,-95,-71,-166,2771791,0.0%
"Washington-Arlington-Alexandria, DC-VA-MD-WV Metropolitan Division","Potomac Annex",Realign,-4,-5,0,0,-4,-5,-3,-12,-8,-20,2771791,0.0%
"Washington-Arlington-Alexandria, DC-VA-MD-WV Metropolitan Division","U.S. Marine Corps Direct Reporting Program Manager",Realign,0,-32,0,0,0,-32,0,-32,-24,-56,2771791,0.0%
"Washington-Arlington-Alexandria, DC-VA-MD-WV Metropolitan Division","Walter Reed Army Medical Center",Realign,-2679,-2388,28,31,-2651,-2357,-622,-5630,-3856,-9486,2771791,-0.3%
"Watertown-Fort Drum, NY Micropolitan Statistical Area","Navy Reserve Center Watertown",Close,-9,0,0,0,-9,0,0,-9,-5,-14,62390,0.0%
"Wheeling, WV-OH Metropolitan Statistical Area","Navy-Marine Corps Reserve Center Moundsville",Close,-16,0,0,0,-16,0,0,-16,-5,-21,80664,0.0%
"Wichita Falls, TX Metropolitan Statistical Area","Sheppard Air Force Base",Realign,-2519,-158,51,2,-2468,-156,0,-2624,-1744,-4368,93033,-4.7%
"Wichita, KS Metropolitan Statistical Area","McConnell Air Force Base",Gain,-27,-183,704,28,677,-155,0,522,308,830,364878,0.2%
"Wichita, KS Metropolitan Statistical Area","U.S. Army Reserve Center Wichita",Realign,-22,-56,0,0,-22,-56,0,-78,-76,-154,364878,0.0%
"Williamsport, PA Metropolitan Statistical Area","U.S. Army Reserve Center Williamsport",Close,-25,-4,0,0,-25,-4,0,-29,-16,-45,67466,-0.1%
"Wilmington, DE-MD-NJ Metropolitan Division","Kirkwood U.S. Army Reserve Center, Newark",Close,-7,-2,0,0,-7,-2,0,-9,-4,-13,405766,0.0%
"Wilmington, DE-MD-NJ Metropolitan Division","New Castle County Airport Air Guard Station",Realign,-47,-101,0,0,-47,-101,0,-148,-101,-249,405766,-0.1%
"Youngstown-Warren-Boardman, OH-PA Metropolitan Statistical Area","Youngstown-Warren Regional Airport",Gain,0,0,0,8,0,8,0,8,7,15,307480,0.0%
"Yuba City, CA Metropolitan Statistical Area","Beale Air Force Base",Realign,-8,-171,0,0,-8,-171,0,-179,-132,-311,68256,-0.5%
"Yuma, AZ Metropolitan Statistical Area","Marine Corps Air Station Yuma",Gain,0,0,0,5,0,5,0,5,4,9,76606,0.0%